
A[1,3] = 0 ;
x = 2;